8
A -6.893177802481791 107.61043913136548
B -6.893844716268942 107.60846860579544
C -6.8878895951605985 107.6082631062906
D -6.887699533962578 107.60994258226478
E -6.886481412681685 107.60751038779999
F -6.887378425625954 107.61352485673095
G -6.893739309059453 107.61294317156737
H -6.885181764484518 107.6137260614937
0 1 0 0 0 0 1 0
1 0 1 0 0 0 0 0
0 1 0 1 0 0 0 0
0 0 1 0 1 1 0 0
0 0 0 1 0 0 0 0
0 0 0 1 0 0 1 1
1 0 0 0 0 1 0 0
0 0 0 0 0 1 0 0

9
A 270.216 711.68
B 278 790.632
C 282.448 811.76
D 285.784 836.224
E 128.992 841.784
F 127.88 832.888
G 91.184 454.808
H 341.384 439.24
I 378.08 701.672
0 1 0 0 0 0 0 0 0
0 0 1 0 0 0 0 0 0
0 0 0 1 0 0 0 0 0
0 0 0 0 1 0 0 0 0
0 0 0 0 0 1 0 0 0
0 0 0 0 0 0 1 0 0
0 0 0 0 0 0 0 1 0
0 0 0 0 0 0 0 0 1
1 0 0 0 0 0 0 0 0